0
0
0
.6418701807789562
.6418701807789562
.6418701807789562
.6422726688939492
.6422726688939492
.6422726688939492
.643088118367197
.6434973608895984
.6439108171739757
.6439108171739757
.6443256988953907
.6449582497563775
.6449582497563775
.6449582497563775
.6449582497563775
.6453820353429968
.6453820353429968
.6458109091722513
.646244399236173
.6466807527259002
.6466807527259002
.6466807527259002
.6478044275524544
.6478044275524544
.6478044275524544
.6478044275524544
.6487243279199233
.6487243279199233
.6491885046481911
.6491885046481911
.6491885046481911
.649657445038538
.6501303472275376
.6506064004062698
.6510856025003605
.6510856025003605
.6510856025003605
.6510856025003605
.6510856025003605
.6510856025003605
.6515685924591277
.6525490735656825
.6530435287135686
.653543350854408
.653543350854408
.653543350854408
.653543350854408
.6540517033707509
.6540517033707509
.6550836287125321
.6556040245928734
.6556040245928734
.6561361296189525
.6566728427253982
.6566728427253982
.6566728427253982
.6566728427253982
.6566728427253982
.6566728427253982
.6566728427253982
.6566728427253982
.657488560362561
.657488560362561
.657488560362561
.657488560362561
.657488560362561
.658601427303178
.6591636030438774
.6591636030438774
.6597289438058753
.6602996802874501
.6602996802874501
.6602996802874501
.6602996802874501
.660876201039232
.6614570076312621
.6623373564296896
.6629292570768685
.6629292570768685
.6629292570768685
.6641342500286134
.6650483298746215
.6656632979810738
.6662851133399763
.6662851133399763
.6662851133399763
.6682122148376884
.6691942008940299
.6698556041105359
.6698556041105359
.6708642428079157
.6715437485763024
.6722313584059055
.6722313584059055
.6729288166718465
.6736374628574754
.6743597032643772
.6743597032643772
.6750973053088325
.6750973053088325
.6762262899490735
.6769937143587689
.6777725213048466
.6777725213048466
.6777725213048466
.6777725213048466
.6777725213048466
.6777725213048466
.6777725213048466
.6777725213048466
.6777725213048466
.6793681205196133
.6793681205196133
.6793681205196133
.6793681205196133
.6809993749337653
.6822458699896612
.6830810835481255
.684376060918359
.6861469544366061
.6861469544366061
.6861469544366061
.6861469544366061
.6861469544366061
.6861469544366061
.6861469544366061
.6861469544366061
.6861469544366061
.6861469544366061
.6861469544366061
.6861469544366061
.6861469544366061
.6870511810416545
.6870511810416545
.6870511810416545
.6870511810416545
.6870511810416545
.6870511810416545
.6879687699431647
.6879687699431647
.688897446658704
.688897446658704
.688897446658704
.688897446658704
.6903235129231149
.6903235129231149
.6903235129231149
.6903235129231149
.6903235129231149
.6903235129231149
.6903235129231149
.6903235129231149
.6912890088913499
.6912890088913499
.6912890088913499
.6927729951464815
.6927729951464815
.6927729951464815
.693778099177566
.693778099177566
.6947969971975285
.6947969971975285
.6963528533498032
.6974138517789873
.698498887098524
.698498887098524
.7007187818373978
.7007187818373978
.7007187818373978
.7007187818373978
.7007187818373978
.7018366476478626
.7035389258086913
.7035389258086913
.7035389258086913
.7035389258086913
.7035389258086913
.7035389258086913
.7035389258086913
.7035389258086913
.7046911771414016
.7046911771414016
.7058708290764018
.7058708290764018
.707070419965476
.707070419965476
.7082861301801551
.7082861301801551
.7082861301801551
.7082861301801551
.7082861301801551
.7082861301801551
.7082861301801551
.7082861301801551
.7082861301801551
.7082861301801551
.7082861301801551
.7082861301801551
.7082861301801551
.7082861301801551
.7082861301801551
.7082861301801551
.7082861301801551
.7082861301801551
.7082861301801551
.7082861301801551
.7095410097716669
.7095410097716669
.7095410097716669
.7095410097716669
.7095410097716669
.7095410097716669
.7095410097716669
.7095410097716669
.7095410097716669
.7095410097716669
.71082253888161
.71082253888161
.71082253888161
.71082253888161
.7128174161658297
.7128174161658297
.7141679090501096
.7141679090501096
.7141679090501096
.7141679090501096
.7141679090501096
.7155319700332428
.7169185656700364
.7183131919672192
.7183131919672192
.7183131919672192
.7183131919672192
.7183131919672192
.7183131919672192
.7183131919672192
.7183131919672192
.7183131919672192
.7183131919672192
.7183131919672192
.7183131919672192
.7183131919672192
.7183131919672192
.7183131919672192
.7183131919672192
.7183131919672192
.7183131919672192
.7183131919672192
.7183131919672192
.7183131919672192
.7183131919672192
.7197347925319344
.7197347925319344
.7197347925319344
.7197347925319344
.7211703289128689
.7226320662157885
.7226320662157885
.7226320662157885
.7226320662157885
.7226320662157885
.7226320662157885
.7226320662157885
.7226320662157885
.7241172372566277
.7241172372566277
.7241172372566277
.7241172372566277
.7241172372566277
.7241172372566277
.7256308441599535
.7256308441599535
.7256308441599535
.7256308441599535
.7256308441599535
.7256308441599535
.7256308441599535
.7256308441599535
.7256308441599535
.7256308441599535
.7256308441599535
.7271944917611143
.7271944917611143
.7271944917611143
.7271944917611143
.7271944917611143
.7296142647225935
.7296142647225935
.7296142647225935
.7296142647225935
.7296142647225935
.7296142647225935
.7296142647225935
.7296142647225935
.7296142647225935
.7296142647225935
.7296142647225935
.7296142647225935
.7296142647225935
.7296142647225935
.7296142647225935
.7296142647225935
.7312519226402078
.7329467454041445
.7329467454041445
.7329467454041445
.7329467454041445
.7329467454041445
.7329467454041445
.7329467454041445
.7329467454041445
.7329467454041445
.7329467454041445
.7329467454041445
.7329467454041445
.7329467454041445
.7329467454041445
.7329467454041445
.7329467454041445
.7329467454041445
.7329467454041445
.7329467454041445
.7329467454041445
.7329467454041445
.7329467454041445
.7329467454041445
.7329467454041445
.7329467454041445
.7329467454041445
.7329467454041445
.7329467454041445
.7329467454041445
.7329467454041445
.7329467454041445
.7329467454041445
.7329467454041445
.7329467454041445
.7329467454041445
.7329467454041445
.7329467454041445
.7329467454041445
.7329467454041445
.7329467454041445
.7329467454041445
.7329467454041445
.7329467454041445
.7329467454041445
.7329467454041445
.7329467454041445
.7329467454041445
.734719593755175
.734719593755175
.734719593755175
.734719593755175
.734719593755175
.734719593755175
.734719593755175
.734719593755175
.734719593755175
.734719593755175
.734719593755175
.734719593755175
.734719593755175
.734719593755175
.734719593755175
.734719593755175
.734719593755175
.734719593755175
.734719593755175
.734719593755175
.734719593755175
.734719593755175
.734719593755175
.734719593755175
.734719593755175
.734719593755175
.734719593755175
.734719593755175
.734719593755175
.734719593755175
.734719593755175
.734719593755175
.734719593755175
.734719593755175
.734719593755175
.734719593755175
.734719593755175
.734719593755175
.734719593755175
.734719593755175
.734719593755175
.734719593755175
.734719593755175
.734719593755175
.734719593755175
.734719593755175
.734719593755175
.734719593755175
.734719593755175
.734719593755175
.734719593755175
.734719593755175
.734719593755175
.734719593755175
.734719593755175
.734719593755175
.734719593755175
.734719593755175
.734719593755175
.734719593755175
.734719593755175
.734719593755175
.734719593755175
.734719593755175
.734719593755175
.734719593755175
.734719593755175
.734719593755175
.734719593755175
.734719593755175
.734719593755175
.734719593755175
.734719593755175
.734719593755175
.734719593755175
.734719593755175
.734719593755175
.734719593755175
.734719593755175
.734719593755175
.734719593755175
.734719593755175
.734719593755175
.734719593755175
.734719593755175
.734719593755175
.734719593755175
.734719593755175
.734719593755175
.734719593755175
.734719593755175
.734719593755175
.734719593755175
.734719593755175
.734719593755175
.734719593755175
.734719593755175
.734719593755175
.734719593755175
.734719593755175
.734719593755175
.734719593755175
.734719593755175
.734719593755175
.734719593755175
.736526134483783
.736526134483783
.736526134483783
.736526134483783
.736526134483783
.736526134483783
.736526134483783
.736526134483783
.736526134483783
.736526134483783
.736526134483783
.736526134483783
.736526134483783
.736526134483783
.736526134483783
.736526134483783
.736526134483783
.736526134483783
.736526134483783
.736526134483783
.736526134483783
.736526134483783
.736526134483783
.736526134483783
.736526134483783
.736526134483783
.736526134483783
.736526134483783
.736526134483783
.736526134483783
.736526134483783
.736526134483783
.736526134483783
.736526134483783
.736526134483783
.736526134483783
.736526134483783
.736526134483783
.736526134483783
.736526134483783
.736526134483783
.736526134483783
.736526134483783
.736526134483783
.736526134483783
.736526134483783
.736526134483783
.736526134483783
.736526134483783
.736526134483783
.736526134483783
.737489028275554
.737489028275554
.737489028275554
.737489028275554
.737489028275554
.737489028275554
.737489028275554
.737489028275554
.737489028275554
.737489028275554
.737489028275554
.737489028275554
.737489028275554
.737489028275554
.737489028275554
.737489028275554
.737489028275554
.737489028275554
.737489028275554
.737489028275554
.737489028275554
.737489028275554
.737489028275554
.737489028275554
.737489028275554
.737489028275554
.737489028275554
.737489028275554
.737489028275554
.737489028275554
.737489028275554
.737489028275554
.737489028275554
.737489028275554
.737489028275554
.737489028275554
.737489028275554
.737489028275554
.737489028275554
.737489028275554
.737489028275554
.737489028275554
.737489028275554
.737489028275554
.737489028275554
.737489028275554
.737489028275554
.737489028275554
.737489028275554
.737489028275554
.7409603729033367
.7409603729033367
.7409603729033367
.7409603729033367
.7409603729033367
.7409603729033367
.7409603729033367
.7409603729033367
.7460725771448349
.7460725771448349
.7460725771448349
.7460725771448349
.7460725771448349
.7460725771448349
.7460725771448349
.7460725771448349
.7460725771448349
.7460725771448349
.7460725771448349
.7460725771448349
.7460725771448349
.7460725771448349
.7460725771448349
.7460725771448349
.7460725771448349
.7460725771448349
.7460725771448349
.7460725771448349
.7460725771448349
.7460725771448349
.7460725771448349
.7460725771448349
.7460725771448349
.7460725771448349
.7460725771448349
.7460725771448349
.7460725771448349
.7460725771448349
.7460725771448349
.7460725771448349
.7460725771448349
